150,324,454,1770,0.6,-0.02,14,2,8,3,9,2825,1,5,7,7,20,16,2.3,813,1,36,865
150,345,426,2840,0.12,-0.05,4,10,10,5,10,4385,-1,4,5,8,10,15,2.4,1246,6,32,653
150,355,548,5874,0.13,-0.06,5,3,10,9,1,3038,-1,3,3,7,11,19,1.7,1107,1,48,615
150,538,581,4588,0.10,-0.04,13,7,3,5,9,5598,2,3,5,8,15,11,2.4,890,8,44,105
150,112,484,4447,0.13,-0.04,6,5,6,5,11,5534,-1,1,6,7,7,17,2.6,468,1,48,527
150,212,512,4954,0.8,-0.08,5,8,5,7,9,5956,-1,3,8,3,8,19,2.3,357,6,40,1056
150,250,138,867,0.9,-0.03,14,11,1,8,10,4711,1,3,3,1,15,6,2.8,1086,5,49,422
150,263,420,670,0.7,-0.08,8,2,4,9,10,4440,2,4,7,8,17,6,1.2,1260,6,23,861
150,387,478,6120,0.6,-0.03,14,6,7,5,6,2091,2,1,4,8,21,11,1.2,912,4,24,788
150,387,156,6202,0.8,-0.08,12,9,1,3,2,2336,-1,1,4,6,17,12,1.4,610,7,46,514
