150,115,474,5300,0.8,-0.02,11,2,10,4,4,5538,1,2,1,9,29,11,1.7,683,4,49,707
150,290,173,752,0.6,-0.08,13,1,1,6,9,5747,2,5,1,7,30,14,2.5,516,5,39,430
150,342,287,1605,0.6,-0.03,5,3,4,10,9,2356,-1,2,7,1,17,12,2.7,616,9,41,941
150,419,367,3260,0.7,-0.02,9,4,10,10,8,3156,-1,2,4,6,27,5,1.1,971,8,29,1088
150,205,120,2195,0.6,-0.03,5,4,10,1,7,3475,-1,5,7,2,7,13,1.2,983,9,43,920
150,166,317,1117,0.6,-0.03,12,1,2,6,4,5599,-1,3,6,9,20,6,2.9,816,4,39,720
150,243,110,6406,0.14,-0.06,9,1,3,3,2,3501,1,1,9,9,20,17,2.7,1210,3,33,545
150,499,399,3042,0.8,-0.04,14,6,3,3,10,5979,1,1,7,3,18,8,1.3,379,9,36,980
150,379,549,4639,0.9,-0.08,4,11,11,3,4,3010,2,5,8,2,13,15,1.9,407,6,26,477
150,447,562,3654,0.7,-0.03,13,8,4,2,3,2392,1,1,2,4,28,18,1.4,373,2,31,326
